- von: 0
  bis: 60
  u: hyperbolic
  w: double_logarithmic
  duration: [5, 10, 15, 20, 30, 45, 60]
  u_values: [9.486101172153768, 14.880682259388992, 18.923925904125714, 22.163866280920942, 25.733788535734465, 28.763492111656806, 30.773236426304624]
  w_values: [2.101614151013058, 3.0943743762302796, 5.022504730295425, 6.913318133236633, 8.63300706273769, 9.060714723939233, 10.53265256494607]
  a_u: 39.07178657400802
  b_u: 15.79493639216588
  a_w: -0.23200418301992842
  b_w: 0.6527139149932136
- von: 60
  bis: 720
  u: double_logarithmic
  w: double_logarithmic
  duration: [60, 90, 180, 270, 360, 450, 600, 720]
  u_values: [30.773236426304624, 33.51214410385941, 38.10523589972139, 41.26666841352598, 43.4140420277688, 45.24083162000485, 47.62380942664198, 48.83726172286971]
  w_values: [10.53265256494607, 11.997606987725561, 13.260437085233818, 13.68867988465992, 14.439105566764008, 14.761796879223478, 15.14365559953517, 15.733542600467251]
  a_u: 2.663791285911183
  b_u: 0.18756353432662592
  a_w: 1.931581875666284
  b_w: 0.12428109117831178
- von: 720
  bis: .inf
  u: linear
  w: linear
  duration: [720, 1080, 1440, 2880, 4320, 5760, 7200, 8640]
  u_values: [48.83726172286971, 54.41074587200064, 58.0214283060335, 66.70202512224915, 71.93257367687501, 78.94721383010396, 83.52833405364608, 85.3819453812888]
  w_values: [15.733542600467251, 15.23804218748647, 13.990433608500725, 15.453540269081063, 19.89064528655737, 24.0937424025363, 25.753436665555473, 28.23046413653405]
